realdata <- c(162,193,194,158,86,82,172,208,143,158,158,59,61,184,173,193,188,157,72,83,181,
              179,200,181,168,68,69,149,176,167,193,170,62,70,167,181,180,186,146,60,65,181,169,152,158,159,
              61,57,167,136,161,187,129,67,70,164,177,161,182,137,78,53,141,167,173,177,154,55,46,177,135,126,
              138,94,74,46,119,143,146,159,149,73,49,166, 158)
smootheddata <- c(162.0, 191.49301968243108, 192.4074133177652, 156.1375630604411, 84.19494577709364, 80.44480140577667, 
                  170.31302313332054, 206.82241158173417, 141.2023972668793, 155.20432699085228, 155.9130172853201, 
                  57.131211268998285, 59.01652592997057, 182.6662826501211, 171.8359466434672, 192.093542706813, 187.26263797799814, 
                  155.90909658917099, 70.76808762826215, 82.05589033639083, 180.3209350571557, 178.18993604129722, 199.59718839796656,
                  180.49572764758076, 167.245489798284, 67.11441847340147, 67.90105087131235, 147.60257473771165, 174.73859885822185, 
                  166.0809658414318, 192.37444030662465, 169.7707917569927, 61.30929595769912, 69.0688245435289, 166.23369116846678, 
                  180.40210411676276, 179.6383016308031, 185.6498819958153, 145.31265391555183, 58.9936480433573, 64.1032275824765, 
                  180.59811634720347, 168.59306568955435, 151.0176043968463, 156.72640967324352, 158.2437199839061, 60.47593520855405, 
                  56.18359141122828, 166.35525557762207, 134.87011109658602, 159.81582692478364, 186.71300544415507, 
                  128.40630584043527, 66.25105240540304, 69.7581139277306, 163.74046760719742, 176.8480209633203, 160.74726495456463, 
                  181.7276311959369, 136.58485603573996, 77.72195865774158, 52.69480152498673, 140.04182733822577, 166.2884327951213, 
                  172.90167759491555, 176.97000887252983, 153.96109483450482, 54.6764087398316, 45.23025571832588, 176.7482037334605, 
                  134.41315252060068, 124.44265871578504, 136.3880927311174, 92.15904104109916, 73.14666678017043, 45.84711564347698, 
                  117.86057402926326, 141.78197279022365, 145.31010739622837, 158.50878371337777, 148.9581180439352, 73.36105652852108,
                  49.0591916101007, 166.0276703621757, 168.91)
randomParamData <- c(162.0, 190.90051020408163, 194.2937925170068, 158.1983418367347, 79.90261479591838, 77.39089498299319, 172.51102274659863, 197.6230487457483, 160.07770879889452, 154.86324281398808, 141.57446457506376, 56.26686302528273, 55.03715595060778, 175.3374455109889, 178.7746729438711, 191.34447717155928, 198.06768590129343, 165.51057201492927, 76.28252231899802, 78.58556458874962, 181.11604726196282, 181.05580400744125, 194.0140178389732, 190.2898530120442, 167.52863505600314, 72.9784675074971, 65.9547072149773, 149.88658806163622, 163.15247203028957, 162.3034930145366, 185.50195566177553, 171.06148356932778, 74.1045667295767, 70.77589158421915, 167.59329607365189, 177.6439001051893, 178.84473865511876, 187.50748887393283, 151.68000066182557, 60.3316945811103, 59.930487160244326, 173.2234024149783, 172.92408058379579, 156.48640838072436, 155.97847369447265, 146.94595798727062, 61.96798758734934, 58.477334472640024, 164.7314512841932, 145.14073231187314, 151.02094871121193, 177.81856338422682, 138.79703346975478, 63.251613604337635, 69.49614468922216, 168.8768530609427, 177.46259130255007, 167.74311774213425, 180.70058371540358, 142.27353261419773, 71.15624682407237, 58.24442075514074, 143.69048647242766, 156.2859252110269, 166.1218957075128, 178.447481139473, 155.7743361365225, 63.06835442550582, 49.16948588978214, 166.71912275743384, 145.3531511631486, 125.28294471487361, 127.9487511262075, 86.99539913734245, 46.90674316860782, 48.70850409664013, 132.07822678462946, 139.64625771817077, 144.0696429655041, 159.2881049315356, 147.3741678789637, 78.18623082904485, 62.2879328395593, 168.46334223220802, 172.01303536558584)

plot(realdata,type="l",col="blue",lwd=2,xlab="time",ylab="sessions per day",main="Whitebyte Prediction",xlim=c(0,115))
lines(smootheddata,col="green",lwd=1)
lines(randomParamData,col="red",lwd=1)


startwertX = 84
predictedData <- c(168.91384185737715, 167.6837866511159, 177.32854723248795, 150.4878260898744, 71.41399201313017, 64.90700974046096, 167.81210481361296)
lines(c(rep(NA, startwertX), predictedData),col="red",lwd=2)
